1 2
2 3
3 1
3 2
3 3
-1 -1

3 9
4 8
4 9
4 10
7 8
7 9
7 10
9 8
9 10
10 8
10 10
12 8
12 9
12 10
15 8
15 9
15 10
16 9
-1 -1

9 22
9 23
10 22
10 23
6 35
7 34 7 36
8 34 8 35 8 37
9 34 9 35 9 37 9 38
10 34 10 35 10 37 10 39 10 40 10 41
11 34 11 36 11 39 11 42
12 35 12 40 12 41 
8 45 8 46
9 45 9 47
10 48
11 45 11 48
12 48
13 45 13 47
14 45 14 46
11 56 11 57
12 56 12 57

76 36
76 35
75 36
75 35
79 23
78 24
78 22
77 24
77 23
77 21
76 24
76 23
76 21
76 20
75 24
75 23
75 21
75 19
75 18
75 17
74 24
74 22
74 19
74 16
73 23
73 18
73 17
77 13
77 12
76 13
76 11
75 10
74 13
74 10
73 10
72 13
72 11
71 13
71 12
74 2
74 1
73 2
73 1
-1 -1

4 7
5 6
5 7
5 8
6 5
6 6
6 7
6 8
6 9
13 5
13 6
13 7
13 8
13 9
14 6
14 7
14 8
15 7
-1 -1
